time,x,y,z,phi,theta,psi,x_velocity,y_velocity,z_velocity,phi_velocity,theta_velocity,psi_velocity,rotor_speed1,rotor_speed2,rotor_speed3,rotor_speed4
0.06,-1.76939521081e-08,7.04472425942e-08,0.00397161813074,6.28275815797,2.13426041995e-05,0.0,-1.73951755955e-06,-1.35859430473e-05,0.132380349371,-0.0277962369616,0.00105786754955,0.0,446.70719147254766,446.7934230490563,448.4910509770713,446.22819029956173
0.12000000000000001,-1.09579010969e-06,-1.7099220087e-05,0.0176007480028,6.28166436297,0.000268494031213,0.0,-5.28034628549e-05,-0.000712374102434,0.321888893403,-0.00386936923522,0.00962985672744,0.0,464.6738016044191,465.34510534401886,462.9837008701155,464.8620901583561
0.18,-1.42093860058e-05,-9.93291988824e-05,0.0449787991091,6.28192105391,0.00107451720743,0.0,-0.000473310751965,-0.00202232645975,0.590612570716,0.016958975306,0.0201236539724,0.0,487.8404175092185,488.6231009890331,486.28974822108,487.8471590842507
0.23999999999999996,-6.59481431586e-05,-0.00024010096116,0.0807740388376,6.28285038876,0.00195288998187,0.0,-0.00134696225921,-0.00258329852641,0.602555705817,0.0123737427359,0.000444555219703,0.0,408.1351204917804,406.3751254317097,409.6988364569322,409.2909397315
0.3,-0.000190362504211,-0.000399589327686,0.121555875663,0.000134182528897,0.00193116847259,0.0,-0.00280033630679,-0.00266404130259,0.756749007428,-0.00335414244964,-0.00202620473951,0.0,453.3286031677965,453.1300615755882,455.7333644005653,454.4745875963623
0.36000000000000004,-0.000403962035328,-0.000556994036934,0.173238372871,4.6505047969e-05,0.00157985250244,0.0,-0.0042930527082,-0.00259957717709,0.9658475995,0.00207874073868,-0.0148934478564,0.0,471.1573231189437,470.1616905744852,470.8355622155446,471.25567024302035
0.4200000000000001,-0.000686367094548,-0.000711817878412,0.231124997872,3.753703683e-06,0.000560803682892,0.0,-0.00503768428034,-0.00255706222433,0.963708495848,-0.00697920273472,-0.0215325672184,0.0,403.02358314885646,402.4231801209108,406.00071784951643,405.1873293424616
0.48000000000000015,-0.000995757498027,-0.00086690624941,0.292810247149,6.28264412407,6.28265554483,0.0,-0.00514950513459,-0.00266333644115,1.09235208057,-0.0136604771187,-0.0121908435907,0.0,447.1302750440083,447.89063978871326,446.45032415513685,445.9050381467086
0.5400000000000001,-0.00128692844239,-0.00104489280569,0.367294289925,6.28134579815,6.28165366668,0.0,-0.00444528281833,-0.0033964060708,1.39013583526,-0.0466765627559,-0.0277217230572,0.0,496.7516131737612,495.61165288513337,498.80317732429336,496.38639926213074
0.6000000000000002,-0.00151795323398,-0.00129415953814,0.452590728164,6.27906442429,6.27948557699,0.0,-0.00308129858657,-0.00515363667207,1.45299974585,-0.0247323095439,-0.0638042511627,0.0,429.2829692385833,426.2094911529922,425.10276736874795,426.97795285351924
0.6600000000000003,-0.00160805385056,-0.00169907129781,0.543861558589,6.27739206392,6.27641265812,0.0,0.000439421546979,-0.00851108338369,1.589179278,-0.0350372465897,-0.0336317190993,0.0,449.17416463172043,451.61228573744296,450.64040615440854,449.8065191742155
0.7200000000000003,-0.00142751247252,-0.00234322464593,0.64314899932,6.27489227279,6.27454258817,0.0,0.00578405517251,-0.013199153479,1.72021088849,-0.0601767639671,-0.0266474278413,0.0,448.93703426025684,449.5030011671951,450.0243983423105,447.98396753344895
0.7800000000000004,-0.000880802047109,-0.00333532700156,0.751037237654,6.27126821258,6.27291125372,0.0,0.0126154587144,-0.0202674230932,1.87581593254,-0.060853094376,-0.0282943062168,0.0,457.640128323475,457.5088805634832,456.59274648100455,456.53630820942686
0.8400000000000004,0.000130771686299,-0.00485435126044,0.869987458253,6.26762518342,6.2713329592,0.0,0.0212939425613,-0.0307950165042,2.08881916977,-0.0604467655359,-0.0225971221234,0.0,474.06337020987536,474.50080552724756,475.1756014480932,475.204386622213
0.9000000000000005,0.00164040503043,-0.00701313421266,0.996817403852,6.26384280379,6.26984812332,0.0,0.0291600388415,-0.0415127219256,2.13874549661,-0.0688049721456,-0.0294367897416,0.0,425.5968177631093,425.01090252722474,425.2192192234292,424.49951815103145
0.9600000000000005,0.00368845490623,-0.00994284325585,1.12931322937,6.25973768241,6.26789188689,0.0,0.0393041939452,-0.0565822528101,2.27750327575,-0.0676574922053,-0.0398384873021,0.0,453.9156399767949,453.0797706012638,453.3835235650124,453.4722726816894
1.0200000000000005,0.00636765509763,-0.0138314384358,1.26869938882,6.25560170973,6.26560157697,0.0,0.0502349940247,-0.0734453339619,2.36850268106,-0.0716126293688,-0.0350318504936,0.0,439.5156798428086,439.9131287931394,438.7688692719599,438.4367256671306
1.0800000000000005,0.0097276498014,-0.0187847704814,1.41242737958,6.25180192039,6.26409751609,0.0,0.0619295167033,-0.0920441030601,2.42230208732,-0.0504893294623,-0.0102568148622,0.0,426.7762571315699,428.8853806736944,426.5419321553897,428.33874937410843
1.1400000000000006,0.0138014770616,-0.0249025204171,1.55874732026,6.24820941163,6.26357608272,0.0,0.0739154541038,-0.112167761445,2.45494725596,-0.0955598146145,-0.00572885803126,0.0,420.6447999904929,421.03683346858406,423.0418827708576,419.13949326960795
1.2000000000000006,0.0186516126776,-0.0323942214098,1.70950845457,6.24228776713,6.26372808655,0.0,0.0877567312087,-0.138152973141,2.57014656885,-0.105837430561,0.0153545215518,0.0,446.82848245091725,448.5439082979901,448.05316419000974,447.20846732467766
1.2600000000000007,0.0243963225581,-0.0417286792423,1.87088589332,6.23575002855,6.26457311585,0.0,0.103614198351,-0.173760164948,2.80851110265,-0.116080411561,0.0114130296559,0.0,485.7488451974301,485.45305816379306,484.9378555804242,484.1583882412092
1.3200000000000007,0.0310454472902,-0.0532937364154,2.04510248134,6.22860079495,6.26532845443,0.0,0.117930871441,-0.212530569985,2.99818606707,-0.126137189494,0.0148428072516,0.0,471.5897387964366,471.8544565468756,472.8347062711877,472.04737863711614
1.3800000000000008,0.0385206930966,-0.0673103888339,2.22990244128,6.22102847877,6.26651674359,0.0,0.131118207103,-0.255509182125,3.16132222223,-0.126341638675,0.0282338345742,0.0,464.82029789055167,465.86849298872045,465.1779454856374,465.14820457466476
1.4400000000000008,0.0467143918075,-0.083911398921,2.42188154206,6.21326572377,6.26844246089,0.0,0.141821378764,-0.298598899957,3.23771276283,-0.136268641479,0.0388734887054,0.0,439.1861349765822,440.0681255214351,439.7647453344172,438.92604695752254
1.5000000000000009,0.0554930784815,-0.103173053249,2.61728905366,6.20496626596,6.27078848309,0.0,0.150581483614,-0.344212630051,3.275699314,-0.142784432229,0.0395502002767,0.0,428.16523263666284,428.2236277796226,427.4746937132553,426.90044178900735
1.560000000000001,0.0647597287228,-0.125374077597,2.81553182925,6.1966805786,6.27310030879,0.0,0.15807945104,-0.396612036241,3.33215365435,-0.13007193473,0.0364091956563,0.0,434.86827139644544,434.6058381082185,432.8943980350283,433.9445096368748
1.620000000000001,0.0744460637655,-0.151005052024,3.01860205918,6.18910523239,6.27500000272,0.0,0.164581850813,-0.458514470922,3.43645971884,-0.119552802732,0.01989589537,0.0,450.88002108494965,449.54421633901956,448.9003063126982,449.7387130366238
1.680000000000001,0.0845068502759,-0.180748036535,3.2304475433,6.18160429436,6.27604566861,0.0,0.170642483454,-0.533702344928,3.62437482807,-0.139117821684,0.0119680421119,0.0,476.51934550034,475.91281606091366,476.37309486263604,474.8612355315046
1.740000000000001,0.0948860237834,-0.214848981473,3.45032956979,6.17349439626,6.27668130312,0.0,0.175260011394,-0.603782573187,3.70465651659,-0.128251343576,0.0076933714347,0.0,442.8596330626188,442.5077443694219,445.9182992392953,446.7882785699714
1.8000000000000012,0.105518646869,-0.253114073226,3.67320783127,6.16628675058,6.27706585817,0.0,0.179121334549,-0.672381321394,3.72444908635,-0.107486487798,0.00370859999045,0.0,425.81552325919307,425.47438092133143,425.05538302228086,426.81731543376645
1.8600000000000012,0.116401845636,-0.296114638948,3.90139678277,6.15974389493,6.27736784044,0.0,0.183618969303,-0.761625384866,3.88120333044,-0.112365315041,0.00755853183944,0.0,469.3035792918464,469.60223642812815,469.1450230472972,468.75621207598357
1.9200000000000013,0.12751046995,-0.343821086155,4.13261465548,6.15339046173,6.27765421533,0.0,0.186639047766,-0.8291298399,3.8261445711,-0.0953605219493,-0.00147928446371,0.0,402.3125156784269,401.49321273983753,401.6584700124222,403.1865601448478
1.9800000000000013,0.138797402892,-0.395682438927,4.36055051261,6.1478219885,6.27750959034,0.0,0.189601937972,-0.900054930466,3.77180067295,-0.0881405838085,-0.00434105316537,0.0,401.8374588994714,401.57797892236425,402.3949105286627,403.0397504008052
2.0400000000000014,0.150285317628,-0.452395316709,4.58890376866,6.14234983065,6.27794154542,0.0,0.19331186743,-0.990868150693,3.8396253309,-0.0981581610985,0.0237191448346,0.0,442.7630086693267,445.06569069742443,442.11386760589727,441.2805626066443
2.1000000000000014,0.161998318189,-0.515133622851,4.82456272859,6.13625912421,6.27918895229,0.0,0.196964135807,-1.10100065137,4.01490903727,-0.109235596136,0.0141732231356,0.0,477.0290415077858,476.29945637416006,476.85673456984443,476.0014939112866
2.1600000000000015,0.173895186764,-0.584296427642,5.06851829235,6.12960207315,6.27960997244,0.0,0.19952365457,-1.20504886684,4.11640902118,-0.114619721044,-0.013831995426,0.0,456.6157736212286,454.37593154461587,456.2674493215683,455.8267839805803
2.2200000000000015,0.185938500494,-0.659644833139,5.31726856455,6.12287308599,6.27883888488,0.0,0.201996736505,-1.30718541958,4.17487360358,-0.107622198121,-0.0109592026469,0.0,443.176445802503,443.41265185168425,443.174617615272,443.73823939825655
2.2800000000000016,0.198151319516,-0.741485530756,5.57092750245,6.1161565837,6.27800723573,0.0,0.20517182323,-1.42145126303,4.27983203009,-0.122388909065,-0.0204078337404,0.0,459.074247672527,458.3239457555861,459.5211670393473,458.3381481859197
2.3400000000000016,0.210559271631,-0.829859058795,5.82809568705,6.10875396977,6.27658537958,0.0,0.20854466473,-1.52498466134,4.29218827831,-0.125427790398,-0.0312571485682,0.0,430.64340670672743,429.7245104480169,431.0897744278303,430.81855244525997
2.4000000000000017,0.22320478876,-0.924774883361,6.08706408948,6.10080149324,6.27525205559,0.0,0.213120214142,-1.6395693993,4.33967155353,-0.153153911865,-0.0084778324165,0.0,442.508393063769,444.3797034038768,442.846182585983,440.542424592393
2.4600000000000017,0.236112401719,-1.02595146352,6.34468206396,6.0916479331,6.27474649838,0.0,0.217173467675,-1.73372812387,4.2477164678,-0.151397387213,-0.00832239584286,0.0,396.02815591058385,396.0425648089274,396.41267481406135,396.5490466218429
2.520000000000002,0.249278128027,-1.13308129486,6.59758988748,6.08288786287,6.27410605769,0.0,0.221729801975,-1.83801035354,4.18253792668,-0.136957956351,-0.0158493184539,0.0,404.7107117147724,404.0326836884122,406.0146709198113,407.28596408036833
2.580000000000002,0.262759997799,-1.24728399315,6.84985848203,6.07490615327,6.27293829051,0.0,0.227763109412,-1.96947454995,4.22595210947,-0.126150763487,-0.0278990029669,0.0,442.31383975223076,441.32028203019337,441.98878676491995,442.8622133676859
2.640000000000002,0.276578726397,-1.36854327816,7.10005849921,6.06733754484,6.27153533792,0.0,0.232974922597,-2.07313959952,4.11422847526,-0.126128913509,-0.0156093011332,0.0,389.6499135827606,390.79714605732073,389.4621187122472,389.4472092492183
2.700000000000002,0.290834977842,-1.49807214536,7.35228897274,6.05971630651,6.27055242435,0.0,0.242334482883,-2.24520489642,4.29239396927,-0.128864569857,-0.0179735841255,0.0,484.357295588187,484.1795513886485,484.81098434256114,484.59212352355104
2.760000000000002,0.305663221448,-1.63787900094,7.61415695269,6.05179078087,6.26951169622,0.0,0.252047906917,-2.41574323025,4.43556657762,-0.139478228849,-0.0161180017728,0.0,476.0235241523707,476.16561009830485,476.7143027047679,475.88766061613984
2.820000000000002,0.321129445817,-1.78869434028,7.88705700453,6.04335076098,6.2700988815,0.0,0.263469725295,-2.61221979418,4.65968027006,-0.14315432541,0.0375731824479,0.0,500.40240706707596,504.2960979951161,501.77021850227686,501.48730790533523
2.880000000000002,0.337157193907,-1.94969578657,8.16595953875,6.03505026478,6.27293949664,0.0,0.270561064096,-2.75523308892,4.63677546352,-0.130137990576,0.0619338911943,0.0,428.102604289206,430.17211794509967,427.06925317442875,428.159525395975
2.940000000000002,0.353549954241,-2.11928707706,8.4428936676,6.02736886366,6.2773431152,0.0,0.275516716321,-2.89849667488,4.59415967918,-0.124101927125,0.089821856382,0.0,420.5420767506557,422.95545148972104,422.6870038965826,423.19104984465446
3.000000000000002,0.370179420743,-2.29861285242,8.72103769316,6.01939257174,6.28284386216,0.0,0.278232265294,-3.07969659273,4.67647948424,-0.163547116621,0.0951541310314,0.0,463.25781181131913,463.68364238632256,465.39985108455267,462.28498330125245
3.0600000000000023,0.386858265391,-2.48786894419,8.99992988498,6.00927801393,0.00498351506464,0.0,0.277270347193,-3.22969439123,4.61968079071,-0.181219525201,0.0711484759812,0.0,421.4213204195752,419.3476391729571,420.1122652269634,418.54738181372113
3.1200000000000023,0.403376055686,-2.68716702585,9.27841143023,5.99874316988,0.00976915522112,0.0,0.272878419519,-3.4145098546,4.66222129842,-0.166198268659,0.0929979281827,0.0,453.4587920737469,455.21565697482816,452.295044678817,453.47413970797237
3.1800000000000024,0.419493139585,-2.89875792731,9.56274708107,5.98861612072,0.0154155967052,0.0,0.263723435226,-3.6393969827,4.81421063603,-0.174526040888,0.0962371830562,0.0,488.84366798234583,489.091634824185,489.8531818872931,489.20894487695915
3.2400000000000024,0.435000971683,-3.12279126876,9.85188334985,5.97813786013,0.0214763085597,0.0,0.252657307669,-3.82927765558,4.82292947959,-0.174861558607,0.10916218031,0.0,447.26266704308034,448.32293223201424,447.1050546861671,447.04856416359075
3.3000000000000025,0.449813718469,-3.35727823038,10.1378572803,5.9672679062,0.0279564134156,0.0,0.2406090762,-3.98786350352,4.70942321954,-0.198346717523,0.105575788568,0.0,407.2324612819993,406.9228906354945,408.10564518128143,405.9677037185323
3.3600000000000025,0.463710531342,-3.60248054834,10.4200585504,5.95551104689,0.0347267459069,0.0,0.222032094653,-4.18654090174,4.69652105489,-0.191542818939,0.124400584114,0.0,440.8111321206474,442.3754878657166,442.9910405744365,443.51262265648506
3.4200000000000026,0.476408984555,-3.85943127099,10.7002481024,5.94463422231,0.0419102607738,0.0,0.200634195661,-4.37942263685,4.64256863238,-0.166153510985,0.108197114588,0.0,431.4027263696954,430.0453550825001,428.66402821421104,430.78290159010135
3.4800000000000026,0.4875439881,-4.12938465364,10.9806086351,5.93485923953,0.0480776057139,0.0,0.169915461387,-4.61983000539,4.70157367206,-0.157128976096,0.0888709531057,0.0,469.90149572571136,468.4090808735117,468.30069099200404,468.9784239685842
3.5400000000000027,0.496854894286,-4.41297644387,11.2616757238,5.92571230076,0.0539278774982,0.0,0.139968696371,-4.83402681754,4.66662769146,-0.144441230246,0.110765690649,0.0,440.0942895741706,441.9111752424576,439.8164113239999,440.84393851250326
3.6000000000000028,0.504131152933,-4.71042528326,11.5427620035,5.91702405738,0.0607791586556,0.0,0.101942721678,-5.08163348774,4.70177072952,-0.145538874614,0.120273524483,0.0,465.58310509875884,466.3374430922664,465.02979939430236,464.92521065759513
3.660000000000003,0.509012972432,-5.02276510949,11.8254469043,5.90867515723,0.0684898881496,0.0,0.0600988987513,-5.33038223667,4.71995326616,-0.128733632255,0.141293030323,0.0,460.7553225476886,462.42858414789265,462.73707505487056,464.04106298438796
3.720000000000003,0.511527280612,-5.34864685072,12.1051570675,5.90106042757,0.0774746730339,0.0,0.0230364381192,-5.53310451063,4.60340738302,-0.123501024988,0.162785948423,0.0,418.4782730026721,420.36756385219746,417.84081367476983,418.2810383792356
3.780000000000003,0.511255165671,-5.68882165268,12.3827072746,5.89348462445,0.0869676220082,0.0,-0.0330200061861,-5.80661864,4.64692313485,-0.132449211816,0.147017173058,0.0,474.53085249728986,473.3404547949807,474.3856271841686,473.68438450682885
3.840000000000003,0.507630351914,-6.04472016157,12.6606438333,5.88559910825,0.0953981718919,0.0,-0.0885460820439,-6.05734000872,4.61665241919,-0.129454285067,0.122504624182,0.0,453.37345145015536,451.41680459927056,452.9330903106211,453.1584460548117
3.900000000000003,0.500364297139,-6.41648083981,12.9381845566,5.87778136411,0.10270522722,0.0,-0.154290076523,-6.33528262893,4.63337113252,-0.132032187586,0.120304635664,0.0,469.76200263531916,469.60387200095397,471.4664184313699,471.2526516056194
3.960000000000003,0.488710990969,-6.80623871389,13.2192380501,5.87012407671,0.10974569554,0.0,-0.234796226414,-6.65710651496,4.7331123295,-0.120012307805,0.110642190344,0.0,500.1039283806799,499.410123621988,499.31781924743046,500.1811420431498
4.020000000000002,0.4724666363,-7.21408179525,13.5028947138,5.86268051313,0.116349560192,0.0,-0.307214177408,-6.93824589468,4.72082653143,-0.133707235028,0.108884132083,0.0,468.1670633551751,468.0402498566119,468.794159670107,467.71528346298913
4.080000000000001,0.451902698102,-7.63845927127,13.7845344079,5.85411912057,0.122810139201,0.0,-0.378747511449,-7.20836702304,4.66604089409,-0.174466133184,0.105146419167,0.0,457.0407215174453,456.7524804607139,458.5237593283061,455.2534426022614
4.14,0.426840840317,-8.07955741732,14.0634344375,5.84357770715,0.128753755355,0.0,-0.457099735468,-7.49569391696,4.62914388641,-0.178254273761,0.0827013925465,0.0,466.24152759047877,464.4918988382772,466.22809774673794,465.9037765411898
4.199999999999998,0.397407665604,-8.53670739049,14.336965697,5.83324800285,0.133560822175,0.0,-0.524340477163,-7.74357717887,4.48775520564,-0.162152736857,0.0743764634537,0.0,433.5038504617136,432.80885718817945,431.6043137697757,432.9319336355705
4.259999999999997,0.36307655651,-9.01149711683,14.6071652348,5.82350754006,0.137689194871,0.0,-0.620269123705,-8.08334585504,4.51679000769,-0.162719837215,0.0543203744383,0.0,492.67449721539543,491.19198074606004,493.5893591834988,493.5252795758045
4.319999999999996,0.323186250375,-9.50603918839,14.8771639036,5.81471855628,0.141453922944,0.0,-0.709578657894,-8.4020521272,4.48146346198,-0.125552234485,0.0757590813381,0.0,475.9757951344629,477.61661052750213,474.3857942495133,477.21240040092687
4.379999999999995,0.278496787924,-10.017926766,15.1409568836,5.80719361244,0.146104650857,0.0,-0.780383673441,-8.66175583244,4.3109556683,-0.125144388368,0.0808041176093,0.0,431.9164800227484,432.3468467265948,433.31605653544176,433.3356063312722
4.439999999999993,0.229273120639,-10.5462634533,15.3957038007,5.79977810091,0.151173663325,0.0,-0.860727275644,-8.95025929581,4.17954484062,-0.120657577701,0.0909757536821,0.0,447.9814241811279,448.81374826548245,448.8119115880844,449.1623533726885
4.499999999999992,0.175057036933,-11.0923843698,15.6429429766,5.79248625457,0.157211772652,0.0,-0.9468538781,-9.25452067136,4.06051159683,-0.123335142015,0.115093917574,0.0,455.12866968561224,457.0637150682763,455.41496638452895,455.1877144345124
4.559999999999991,0.11530626397,-11.6577487098,15.8843396214,5.78485698012,0.164831478628,0.0,-1.04533002495,-9.59158244765,3.98431696585,-0.136153891497,0.143875054989,0.0,471.6512053480012,473.882645730779,475.03679051478406,474.0387458350326
4.6199999999999894,0.0497964337067,-12.2427294346,16.1194595641,5.77727374011,0.173693153024,0.0,-1.13892737347,-9.90854994105,3.85157131641,-0.111809815335,0.15440164834,0.0,458.28062164422494,459.1364613973661,456.45152326623554,458.3763357141527
4.679999999999988,-0.0219064259353,-12.8481262784,16.3485622879,5.7701543432,0.182829073216,0.0,-1.25179861447,-10.2718792439,3.78316692602,-0.138087393457,0.147614525835,0.0,483.73226076290723,483.2405099601073,485.09104451910605,483.10126064577287
4.739999999999987,-0.0994458268733,-13.4726445691,16.5682018735,5.76142160538,0.192161723669,0.0,-1.33344047928,-10.5465100959,3.53733460247,-0.167789638914,0.167942486372,0.0,423.13505250115327,424.9058809108693,426.28542108796773,423.71693708866377
4.799999999999986,-0.182943461677,-14.1162480001,16.7770326435,5.75120799665,0.202987632283,0.0,-1.45048372429,-10.9076551096,3.42146856471,-0.17560241588,0.197901289105,0.0,474.00491249091533,476.3307097176542,474.8554693677416,474.2297223872442
4.859999999999984,-0.273369034215,-14.7810806992,16.9774656302,5.74166662468,0.215603477145,0.0,-1.56449027395,-11.2542479934,3.25764128587,-0.137803994613,0.227603166241,0.0,462.0589799465707,464.43599863947895,461.64152560654856,464.59140617448713
4.919999999999983,-0.370415268361,-15.4659667339,17.1661720894,5.73328599952,0.22902018558,0.0,-1.67124611553,-11.5762782434,3.03108519596,-0.143709341439,0.214134385819,0.0,444.15316737097675,443.0962558544791,446.0753522624924,445.57458393881745
4.979999999999982,-0.473766325077,-16.1697787836,17.3400028651,5.72431493845,0.242019026851,0.0,-1.77457578542,-11.8852648399,2.76195986088,-0.164836299948,0.221243418957,0.0,432.28711757791433,432.93368510640875,432.748374520444,430.943416863254
5.0399999999999805,-0.583159037101,-16.8916855092,17.4963279653,5.71437911394,0.255905960583,0.0,-1.87264145555,-12.1795720308,2.44768081976,-0.167161530221,0.246507764973,0.0,416.5448865331898,418.80542719740004,418.1160923747348,417.8852829643728
